7.990653075999999828e+02 5.523179245000000037e+01
7.979532470999999987e+02 5.196299744000000231e+01
7.969797363000000132e+02 5.358658599999999694e+01
7.960058593999999630e+02 5.371578216999999711e+01
7.950316162000000304e+02 5.168552399000000008e+01
7.940569457999999941e+02 4.868208693999999781e+01
7.929426270000000159e+02 5.041909026999999810e+01
7.919672240999999531e+02 5.069950104000000124e+01
7.909913940000000139e+02 4.934803009000000174e+01
7.900151978000000099e+02 4.652309418000000107e+01
7.890386962999999696e+02 4.854909897000000285e+01
7.880617676000000529e+02 4.933827972000000273e+01
7.869448241999999709e+02 4.772275925000000285e+01
7.859671021000000337e+02 4.508773803999999785e+01
7.849890136999999868e+02 4.766560364000000050e+01
7.840105591000000231e+02 4.817346953999999926e+01
7.830316771999999901e+02 4.755834198000000157e+01
7.820524901999999656e+02 4.539761353000000099e+01
7.809329834000000119e+02 4.806317520000000343e+01
7.799529419000000416e+02 4.920290374999999727e+01
7.789725952000000007e+02 4.886999893000000128e+01
7.779918823000000430e+02 4.690940856999999653e+01
7.770108032000000549e+02 4.943241882000000231e+01
7.760292968999999630e+02 5.091059874999999835e+01
7.750474854000000278e+02 5.051682662999999707e+01
7.740653075999999828e+02 4.903078842000000037e+01
7.729423217999999451e+02 5.238375854000000231e+01
7.719593505999999934e+02 5.377609634000000227e+01
7.709760132000000112e+02 5.358763884999999760e+01
7.699923095999999987e+02 5.204667281999999773e+01
7.690082396999999901e+02 5.534297180000000083e+01
7.680238037000000304e+02 5.646612549000000314e+01
7.670390015000000403e+02 5.651937103000000207e+01
7.660538940000000139e+02 5.574880218999999926e+01
7.650683593999999630e+02 5.832618331999999839e+01
7.639415893999999980e+02 6.005328750999999698e+01
7.629553223000000344e+02 5.991988373000000223e+01
7.619686890000000403e+02 5.897025298999999876e+01
7.609816283999999769e+02 6.144549178999999839e+01
7.599942627000000357e+02 6.251000213999999744e+01
7.590065307999999504e+02 6.263000488000000132e+01
7.580184325999999828e+02 6.115111160000000012e+01
7.570300293000000238e+02 6.388504027999999835e+01
7.560411986999999954e+02 6.489297485000000165e+01
7.550520629999999755e+02 6.480686950999999851e+01
7.540625609999999597e+02 6.360943222000000219e+01
7.529312134000000469e+02 6.583471679999999537e+01
7.519409789999999703e+02 6.685177611999999669e+01
7.509503174000000172e+02 6.631369019000000264e+01
7.499593505999999934e+02 6.492215729000000124e+01
7.489680176000000529e+02 6.727780914000000223e+01
7.479763183999999683e+02 6.802241515999999422e+01
7.469842529000000013e+02 6.790348052999999595e+01
7.459918212999999696e+02 6.647183990000000620e+01
7.449990844999999808e+02 6.863521575999999413e+01
7.440059813999999960e+02 6.952915955000000281e+01
7.430125121999999465e+02 6.937572479000000669e+01
7.420187378000000535e+02 6.848696135999999512e+01
7.410245972000000165e+02 7.053079223999999670e+01
7.400300902999999835e+02 7.167168427000000008e+01
7.390352172999999993e+02 7.189698792000000083e+01
7.380400390999999445e+02 7.122920990000000074e+01
7.370444336000000476e+02 7.336716461000000322e+01
7.360485840000000053e+02 7.420535277999999835e+01
7.350523071000000073e+02 7.438099669999999719e+01
7.340557251000000178e+02 7.396585082999999372e+01
7.330587768999999980e+02 7.585938262999999893e+01
7.320614623999999822e+02 7.650107574000000454e+01
7.310638427999999749e+02 7.679625701999999876e+01
7.300658568999999716e+02 7.618676757999999438e+01
7.290675658999999769e+02 7.782777405000000215e+01
7.280689086999999518e+02 7.850501251000000025e+01
7.270698853000000099e+02 7.845157623000000058e+01
7.260704955999999584e+02 7.770269011999999975e+01
7.250708008000000291e+02 7.922499847000000273e+01
7.240708008000000291e+02 7.954686737000000107e+01
7.230704345999999987e+02 7.934340668000000107e+01
7.220697020999999722e+02 7.844978333000000248e+01
7.210686034999999947e+02 7.948484802000000116e+01
7.200671996999999465e+02 7.954982757999999876e+01
7.190654907000000549e+02 7.907899475000000677e+01
7.180634155000000192e+02 7.803963469999999347e+01
7.170609740999999531e+02 7.838904571999999860e+01
7.160582275000000436e+02 7.787113189999999463e+01
7.150551146999999901e+02 7.688319396999999356e+01
7.140516967999999451e+02 7.528681946000000380e+01
7.130479126000000178e+02 7.503819274999999323e+01
7.120438232000000198e+02 7.428554535000000669e+01
7.110393676999999570e+02 7.317606354000000124e+01
7.100346068999999716e+02 7.102159118999999521e+01
7.090294800000000350e+02 7.068668365000000620e+01
7.080239867999999888e+02 7.000112914999999703e+01
7.070182495000000245e+02 6.819540404999999339e+01
7.060120849999999564e+02 6.622114562999999521e+01
7.050056763000000046e+02 6.572171783000000289e+01
7.039989014000000225e+02 6.475357056000000000e+01
7.029917603000000099e+02 6.359572600999999992e+01
7.019843140000000403e+02 6.215274810999999744e+01
7.009765015000000403e+02 6.187487792999999670e+01
6.999684448000000430e+02 6.169392394999999851e+01
6.989599609000000555e+02 6.084849930000000029e+01
6.979512329000000364e+02 5.999520874000000248e+01
6.969421386999999868e+02 6.042106627999999802e+01
6.959326782000000549e+02 6.085708618000000314e+01
6.950671996999999465e+02 6.028690337999999826e+01
6.940571288999999524e+02 5.957741165000000194e+01
6.930468140000000403e+02 6.071798705999999868e+01
6.920360717999999451e+02 6.179081345000000169e+01
6.910250853999999663e+02 6.157024001999999996e+01
6.900137329000000364e+02 6.089054870999999736e+01
6.890020752000000357e+02 6.237961578000000173e+01
6.879900513000000046e+02 6.334706116000000264e+01
6.869777222000000165e+02 6.310100555000000355e+01
6.859650878999999577e+02 6.272674941999999731e+01
6.849521484000000555e+02 6.380861282000000045e+01
6.839388427999999749e+02 6.489948273000000256e+01
6.830700073000000430e+02 6.468460082999999372e+01
6.820561523000000079e+02 6.402682495000000529e+01
6.810419312000000218e+02 6.509259796000000620e+01
6.800274047999999993e+02 6.557473754999999471e+01
6.790125121999999465e+02 6.529290770999999438e+01
6.779973754999999755e+02 6.441316222999999752e+01
6.769818725999999742e+02 6.551673888999999917e+01
6.759660645000000159e+02 6.580171203999999818e+01
6.749498900999999478e+02 6.554771422999999686e+01
6.739334717000000410e+02 6.453913115999999661e+01
6.730619507000000112e+02 6.554715729000000124e+01
6.720449218999999630e+02 6.601384735000000603e+01
6.710275268999999980e+02 6.608076477000000182e+01
6.700098877000000357e+02 6.557356262000000413e+01
6.689918823000000430e+02 6.680419159000000207e+01
6.679735717999999451e+02 6.724466705000000388e+01
6.669549561000000040e+02 6.757808685000000537e+01
6.659359740999999531e+02 6.673542023000000256e+01
6.650623779000000013e+02 6.766602324999999496e+01
6.640428467000000410e+02 6.735597991999999579e+01
6.630230103000000099e+02 6.703971099999999694e+01
6.620028687000000218e+02 6.582510376000000463e+01
6.609824218999999630e+02 6.586964417000000083e+01
6.599616088999999874e+02 6.512308502000000487e+01
6.589405517999999802e+02 6.491548156999999719e+01
6.580650634999999511e+02 6.398434067000000169e+01
6.570433960000000297e+02 6.441300200999999959e+01
6.560214233000000377e+02 6.421519469999999785e+01
6.549991455000000542e+02 6.462329864999999529e+01
6.539765625000000000e+02 6.397211456000000140e+01
6.529536742999999888e+02 6.526424407999999744e+01
6.519304198999999471e+02 6.558843994000000066e+01
6.510531615999999531e+02 6.580846404999999777e+01
6.500293579000000364e+02 6.523480988000000025e+01
6.490053100999999742e+02 6.559040070000000355e+01
6.479808960000000297e+02 6.500080108999999595e+01
6.469561767999999802e+02 6.418425750999999480e+01
6.459312134000000469e+02 6.206300734999999946e+01
6.450523682000000463e+02 6.182815552000000281e+01
6.440267943999999716e+02 6.020070266999999831e+01
6.430009155000000192e+02 5.778062820000000244e+01
6.419747313999999960e+02 5.460251617000000124e+01
6.409483032000000549e+02 5.314644623000000223e+01
6.400681763000000046e+02 5.162270737000000054e+01
6.390411377000000357e+02 4.983887863000000351e+01
6.380137938999999960e+02 4.683130263999999698e+01
6.369861449999999650e+02 4.607442856000000120e+01
6.359581908999999769e+02 4.511321259000000339e+01
6.349299926999999570e+02 4.329346085000000244e+01
6.340484009000000469e+02 4.193556213000000099e+01
6.330195922999999993e+02 4.156641769000000153e+01
6.319904784999999947e+02 4.166351699999999880e+01
6.309610595999999987e+02 4.012818908999999934e+01
6.299313965000000053e+02 3.896933365000000293e+01
6.290485228999999663e+02 3.847625350999999938e+01
6.280183104999999841e+02 3.845466231999999707e+01
6.269877318999999716e+02 3.732634354000000343e+01
6.259569092000000410e+02 3.635096741000000264e+01
6.250731200999999828e+02 3.668167113999999884e+01
6.240416870000000245e+02 3.770361710000000244e+01
6.230100098000000344e+02 3.741792296999999934e+01
6.219780273000000079e+02 3.771548843000000062e+01
6.209458008000000291e+02 3.934923171999999880e+01
6.200607300000000350e+02 4.128500366000000099e+01
6.190279540999999881e+02 4.196116638000000165e+01
6.179948120000000245e+02 4.233564757999999983e+01
6.169614258000000291e+02 4.411003876000000190e+01
6.159277343999999630e+02 4.542915725999999665e+01
6.150415038999999524e+02 4.548113631999999740e+01
6.140072632000000112e+02 4.476288986000000136e+01
6.129727172999999993e+02 4.488748169000000132e+01
6.119379271999999901e+02 4.474913025000000033e+01
6.110507202000000007e+02 4.343291473000000025e+01
6.100153808999999683e+02 4.150537108999999703e+01
6.089797363000000132e+02 3.983739853000000153e+01
6.079437865999999531e+02 3.846526337000000240e+01
6.070556640999999445e+02 3.648725509999999872e+01
6.060192260999999689e+02 3.472982788000000198e+01
6.049824829000000364e+02 3.353377532999999744e+01
6.039454345999999987e+02 3.186458587999999992e+01
6.030563353999999663e+02 3.055373382999999876e+01
6.020187988000000132e+02 2.889621543999999886e+01
6.009809569999999894e+02 2.871915054000000112e+01
5.999428100999999742e+02 2.864780044999999831e+01
5.990527954000000364e+02 2.807979583999999917e+01
5.980141601999999921e+02 2.704183769000000126e+01
5.969752197000000251e+02 2.698915862999999860e+01
5.959359740999999531e+02 2.639472197999999992e+01
5.950450438999999960e+02 2.537169074999999907e+01
5.940053100999999742e+02 2.359870337999999990e+01
5.929652710000000297e+02 2.257883263000000085e+01
5.920736084000000119e+02 2.183523178000000087e+01
5.910330811000000040e+02 1.968322562999999903e+01
5.899922484999999597e+02 1.675760650999999868e+01
5.889511718999999630e+02 1.521432590000000040e+01
5.880585938000000397e+02 1.379171752999999967e+01
5.870169677999999749e+02 1.188044739000000050e+01
5.859750976999999921e+02 9.602877617000000754e+00
5.849329224000000522e+02 8.275060654000000682e+00
5.840394287000000304e+02 6.886661053000000088e+00
5.829967650999999478e+02 5.829284191000000170e+00
5.819538573999999471e+02 4.115690707999999809e+00
5.810596312999999782e+02 3.830700635999999992e+00
5.800161742999999888e+02 3.403755187999999876e+00
5.789724731000000020e+02 2.864019155999999899e+00
5.779284668000000238e+02 1.989310622000000084e+00
5.770333861999999954e+02 1.898847579999999979e+00
5.759888915999999881e+02 1.862521647999999974e+00
5.749440918000000238e+02 1.677860498000000034e+00
5.740483398000000079e+02 1.120848416999999930e+00
5.730030517999999802e+02 1.227904797000000103e+00
5.719575194999999894e+02 1.319535375000000066e+00
5.710610961999999518e+02 1.332250834000000106e+00
5.700150757000000112e+02 8.125106095999999889e-01
5.689687500000000000e+02 8.449810743000000235e-01
5.680716552999999749e+02 1.013249277999999975e+00
5.670248413000000482e+02 1.098265767000000004e+00
5.659777831999999762e+02 6.664320826999999836e-01
5.649304198999999471e+02 8.326987028000000235e-01
5.640324706999999762e+02 9.177786112000000385e-01
5.629846191000000317e+02 1.150658846000000013e+00
5.619364623999999822e+02 6.943312286999999694e-01
5.610379027999999835e+02 9.431176782000000314e-01
5.599892578000000185e+02 1.099977492999999917e+00
5.589403687000000218e+02 1.376194834999999950e+00
5.580411377000000357e+02 9.980089664000000305e-01
5.569917603000000099e+02 1.224819778999999942e+00
5.559421386999999868e+02 1.389806866999999890e+00
5.550422974000000522e+02 1.575918436000000034e+00
5.539921265000000403e+02 1.222579837000000058e+00
5.529417724999999564e+02 1.393006921000000009e+00
5.520412598000000344e+02 1.424886703000000088e+00
5.509904175000000350e+02 1.543057083999999968e+00
5.499392699999999650e+02 1.102960705999999957e+00
5.490380859000000555e+02 1.219751239000000043e+00
5.479865111999999954e+02 1.099661111999999941e+00
5.469346312999999782e+02 1.115483642000000053e+00
5.460328369000000066e+02 8.327115177999999673e-01
5.449805297999999993e+02 7.674596310000000310e-01
5.439279175000000350e+02 6.875590682000000120e-01
5.430254516999999623e+02 7.443328500000000458e-01
5.419724121000000423e+02 4.708101451000000215e-01
5.410695801000000529e+02 4.942081273000000219e-01
5.400160521999999901e+02 4.474388062999999915e-01
5.389622192000000496e+02 5.190441608000000429e-01
5.380587768999999980e+02 2.710739970000000110e-01
5.370045165999999881e+02 3.562664389999999903e-01
5.359499511999999868e+02 3.023673296000000121e-01
5.350458984000000555e+02 4.063490330999999789e-01
5.339909057999999504e+02 2.062469423000000135e-01
5.329356079000000364e+02 3.204332292000000026e-01
5.320309448000000430e+02 2.622245252000000026e-01
5.309752197000000251e+02 4.020642936000000112e-01
5.300701294000000416e+02 2.480382620999999899e-01
5.290139159999999947e+02 3.561328053000000216e-01
5.279575194999999894e+02 3.316279352000000014e-01
5.270518187999999782e+02 4.494841098999999840e-01
5.259949341000000231e+02 3.214421867999999738e-01
5.249377441000000317e+02 4.751657248000000222e-01
5.240314330999999584e+02 4.865219890999999963e-01
5.229738770000000159e+02 7.103997468999999620e-01
5.220671386999999868e+02 5.630359054000000363e-01
5.210090942000000496e+02 8.450773357999999957e-01
5.199508057000000463e+02 1.045526385000000058e+00
5.190434569999999894e+02 1.476970552999999908e+00
5.179846801999999570e+02 1.843406676999999938e+00
5.169257202000000007e+02 2.712227105999999832e+00
5.160177611999999954e+02 3.473002434000000083e+00
5.149583129999999755e+02 4.346757889000000041e+00
5.140500488000000132e+02 4.527132987999999969e+00
5.129901122999999643e+02 5.319151402000000139e+00
5.119299927000000139e+02 5.620805739999999773e+00
5.110210875999999871e+02 5.916042805000000016e+00
5.099604797000000076e+02 5.737142086000000418e+00
5.090512084999999729e+02 5.619979857999999773e+00
5.079901732999999808e+02 5.343087673000000315e+00
5.069288940000000139e+02 5.044447422000000181e+00
5.060190124999999739e+02 4.149039744999999613e+00
5.049573058999999944e+02 3.631433486999999793e+00
5.040470581000000152e+02 3.215344190999999796e+00
5.029848938000000089e+02 3.026325941000000075e+00
5.020742797999999993e+02 2.501572846999999822e+00
5.010116577000000007e+02 2.321436166999999884e+00
4.999488220000000069e+02 2.190225363000000147e+00
4.990375976999999921e+02 2.470632553000000176e+00
4.979743346999999858e+02 2.155898808999999972e+00
4.970627440999999749e+02 2.166506290000000057e+00
4.959990233999999987e+02 2.162129640999999936e+00
4.949350891000000274e+02 2.338194608999999868e+00
4.940229186999999911e+02 2.084365845000000217e+00
4.929585266000000274e+02 2.081760645000000132e+00
4.920460204999999974e+02 2.080961466000000204e+00
4.909812011999999868e+02 2.144839525000000080e+00
4.900683288999999832e+02 1.868295073999999945e+00
4.890030823000000169e+02 1.748215555999999893e+00
4.879375916000000188e+02 1.728998899000000034e+00
4.870241394000000241e+02 1.760928153999999912e+00
4.859582214000000135e+02 1.539409757000000045e+00
4.850444031000000109e+02 1.442863106999999978e+00
4.839780883999999901e+02 1.410005927000000048e+00
4.830639037999999914e+02 1.471864939000000039e+00
4.819971312999999782e+02 1.297530054999999960e+00
4.809301452999999924e+02 1.210444689000000018e+00
4.800154114000000050e+02 1.258808970000000027e+00
4.789480285999999865e+02 1.490634084000000081e+00
4.780329285000000255e+02 1.282972336000000046e+00
4.769650879000000145e+02 1.271702051000000111e+00
4.760496216000000231e+02 1.350251912999999915e+00
4.749813843000000020e+02 1.530494690000000046e+00
4.740655823000000169e+02 1.344309806999999912e+00
4.729969176999999831e+02 1.358723640000000010e+00
4.719280395999999769e+02 1.408814907000000005e+00
4.710116881999999805e+02 1.627608775999999979e+00
4.699423828000000185e+02 1.373201609000000101e+00
4.690256653000000142e+02 1.370981693000000057e+00
4.679559631000000195e+02 1.325172663000000028e+00
4.670389099000000215e+02 1.457304954999999902e+00
4.659687804999999798e+02 1.189634322999999938e+00
4.650513611000000083e+02 1.079981923000000066e+00
4.639808350000000132e+02 1.070365070999999890e+00
4.630630798000000254e+02 1.205554723999999966e+00
4.619921570000000202e+02 9.341869353999999737e-01
4.610740356000000020e+02 9.338170289999999651e-01
4.600027160999999865e+02 8.249559401999999597e-01
4.589311523000000079e+02 9.287590981000000134e-01
4.580125122000000033e+02 7.672023772999999602e-01
4.569405517999999802e+02 7.437152267000000094e-01
4.560215759000000162e+02 7.048140764000000447e-01
4.549492187999999828e+02 8.753272891000000167e-01
4.540298766999999884e+02 7.287402152999999938e-01
4.529571227999999792e+02 8.406552671999999449e-01
4.520374755999999934e+02 8.219636678999999724e-01
4.509643249999999739e+02 1.044049143999999929e+00
4.500443114999999921e+02 9.566425084999999884e-01
4.489707642000000192e+02 1.185448647000000078e+00
4.480504149999999868e+02 1.194182037999999890e+00
4.469764708999999812e+02 1.434382677000000106e+00
4.460557860999999775e+02 1.398043751999999973e+00
4.449814757999999983e+02 1.519524931999999939e+00
4.440604553000000010e+02 1.417193890000000067e+00
4.429857483000000116e+02 1.546223640000000010e+00
4.420643921000000205e+02 1.253416657000000045e+00
4.409892882999999983e+02 1.178714274999999922e+00
4.400675964000000135e+02 9.902735352999999519e-01
4.389920958999999812e+02 9.864166379000000040e-01
4.380700989000000050e+02 7.050613165000000349e-01
4.369942321999999990e+02 6.511571406999999700e-01
4.360718689000000268e+02 5.350705384999999703e-01
4.349956055000000106e+02 6.048871278999999879e-01
4.340729370000000245e+02 4.091954231000000108e-01
4.329963073999999779e+02 4.533655046999999771e-01
4.320733031999999980e+02 3.635131419000000030e-01
4.309963073999999779e+02 5.113912820999999553e-01
4.300729675000000043e+02 3.581801354999999965e-01
4.289955749999999739e+02 4.334444105999999963e-01
4.280719604000000231e+02 3.623366952000000030e-01
4.269941711000000168e+02 5.935689211000000354e-01
4.260702208999999812e+02 5.016929506999999733e-01
4.249920654000000013e+02 6.246083379000000324e-01
4.240677794999999719e+02 7.384102344999999845e-01
4.229892882999999983e+02 1.088069439000000083e+00
4.220646666999999752e+02 1.199078918000000105e+00
4.209857787999999914e+02 1.593566537000000061e+00
4.200608826000000136e+02 2.284163712999999873e+00
4.189816283999999769e+02 3.953702450000000201e+00
4.180563965000000053e+02 5.597752093999999623e+00
4.169767760999999950e+02 1.018882370000000037e+01
4.160512084999999729e+02 1.419529437999999999e+01
4.149712218999999891e+02 2.200787735000000112e+01
4.140453795999999898e+02 3.165297508000000093e+01
4.129650268999999980e+02 3.989941025000000252e+01
4.120388489000000050e+02 4.671484375000000000e+01
4.109581603999999970e+02 5.111977386000000223e+01
4.100316771999999901e+02 5.360418700999999686e+01
4.089505919999999719e+02 5.543356705000000062e+01
4.080238036999999736e+02 5.650095367000000124e+01
4.069423828000000185e+02 5.896389389000000136e+01
4.060152893000000063e+02 6.139062500000000000e+01
4.049335022000000208e+02 6.451651764000000355e+01
4.040061339999999745e+02 6.877822876000000463e+01
4.029239807000000155e+02 7.189150238000000570e+01
4.019962768999999980e+02 7.510884093999999322e+01
4.010684509000000162e+02 7.775182343000000174e+01
3.999857787999999914e+02 8.059274292000000628e+01
3.990576477000000182e+02 8.255784606999999653e+01
3.979746398999999997e+02 8.458440398999999843e+01
3.970462036000000126e+02 8.590409087999999826e+01
3.959628601000000003e+02 8.722887421000000074e+01
3.950341187000000218e+02 8.790796661000000256e+01
3.939504395000000159e+02 8.854102324999999496e+01
3.930213928000000010e+02 8.856375884999999926e+01
3.919373474000000215e+02 8.826551055999999562e+01
3.910080260999999950e+02 8.805246735000000058e+01
3.899236450000000218e+02 8.761705779999999777e+01
3.889940186000000040e+02 8.768955993999999521e+01
3.880642700000000218e+02 8.810268401999999810e+01
3.869793700999999828e+02 8.881278229000000124e+01
3.860493468999999891e+02 8.938843536000000256e+01
3.849641113000000132e+02 9.049386597000000165e+01
3.840337830000000281e+02 9.132284545999999636e+01
3.829482117000000017e+02 9.201747131000000479e+01
3.820176086000000168e+02 9.257135010000000364e+01
3.809317017000000192e+02 9.304944611000000521e+01
3.800007934999999861e+02 9.363995361000000628e+01
3.790697632000000112e+02 9.411544800000000066e+01
3.779833679000000188e+02 9.431192016999999339e+01
3.770520324999999957e+02 9.419052123999999537e+01
3.759653319999999894e+02 9.417710114000000488e+01
3.750337218999999891e+02 9.382611846999999727e+01
3.739466858000000116e+02 9.264653778000000273e+01
3.730148009999999772e+02 9.109701538000000198e+01
3.719274292000000059e+02 8.941662598000000628e+01
3.709952392999999802e+02 8.822805786000000694e+01
3.700629577999999924e+02 8.670059967000000256e+01
3.689750976999999921e+02 8.566342926000000091e+01
3.680425415000000271e+02 8.573459624999999562e+01
3.669543762000000129e+02 8.592137146000000314e+01
3.660215148999999997e+02 8.593343353000000207e+01
3.649330444000000284e+02 8.610949707000000330e+01
3.639999083999999812e+02 8.668410491999999579e+01
3.630666504000000145e+02 8.691184235000000058e+01
3.619776916999999798e+02 8.741200256000000479e+01
3.610441895000000159e+02 8.773660277999999835e+01
3.599548950000000218e+02 8.917716980000000149e+01
3.590211181999999894e+02 9.040899657999999306e+01
3.579315186000000040e+02 9.159535216999999818e+01
3.569974669999999719e+02 9.226658630000000016e+01
3.560632628999999838e+02 9.315742493000000479e+01
3.549732361000000083e+02 9.298979950000000372e+01
3.540387878000000228e+02 9.210230255000000454e+01
3.529484252999999967e+02 9.080735778999999752e+01
3.520137023999999997e+02 9.021098327999999356e+01
3.509230347000000165e+02 8.923185730000000149e+01
3.499880676000000221e+02 8.846607208000000355e+01
3.490529480000000149e+02 8.769919586000000322e+01
3.479618530000000192e+02 8.690379332999999917e+01
3.470264586999999779e+02 8.528749084000000380e+01
3.459350585999999907e+02 8.260869597999999314e+01
3.449994201999999746e+02 8.038162230999999736e+01
3.440636901999999964e+02 7.967373657000000264e+01
3.429718323000000169e+02 7.932983398000000363e+01
3.420358276000000046e+02 8.017361449999999934e+01
3.409436645999999769e+02 8.200038910000000669e+01
3.400074157999999898e+02 8.468387604000000124e+01
3.390710144000000241e+02 8.643704223999999670e+01
3.379784240999999838e+02 8.724594116000000099e+01
3.370418091000000231e+02 8.580783080999999868e+01
3.359489136000000258e+02 8.418518066000000033e+01
3.350120238999999742e+02 8.181390380999999934e+01
3.340750122000000033e+02 7.925870514000000355e+01
3.329817199999999957e+02 7.682948303000000578e+01
3.320444641000000274e+02 7.619129180999999562e+01
3.309508362000000261e+02 7.598900604000000669e+01
3.300133362000000261e+02 7.590994263000000331e+01
3.290757446000000073e+02 7.552676391999999339e+01
3.279816895000000159e+02 7.548792267000000322e+01
3.270438538000000221e+02 7.502162932999999612e+01
3.259495238999999742e+02 7.439186859000000140e+01
3.250114136000000258e+02 7.420673370000000091e+01
3.240731812000000218e+02 7.479123687999999959e+01
3.229784546000000205e+02 7.584551238999999612e+01
3.220400084999999990e+02 7.722766113000000132e+01
3.209449768000000063e+02 7.807426452999999356e+01
3.200062866000000099e+02 7.988432312000000479e+01
3.190674743999999805e+02 8.078981781000000240e+01
3.179720459000000119e+02 8.122463989000000595e+01
3.170329894999999851e+02 8.044818877999999529e+01
3.159372864000000050e+02 7.952104950000000372e+01
3.149979857999999808e+02 7.787414551000000529e+01
3.140585937999999828e+02 7.662014007999999876e+01
3.129624939000000268e+02 7.584951782000000264e+01
3.120228270999999722e+02 7.769096374999999455e+01
3.109264526000000046e+02 8.136772156000000678e+01
3.099866028000000142e+02 8.491505431999999587e+01
3.090466003000000228e+02 8.718461609000000578e+01
3.079498290999999881e+02 8.922962189000000421e+01
3.070096130000000016e+02 8.871990203999999380e+01
3.060693054000000188e+02 8.715124511999999868e+01
3.049721374999999739e+02 8.223679352000000620e+01
3.040315856999999937e+02 8.026441192999999430e+01
3.029341430999999716e+02 7.573277283000000182e+01
3.019933776999999964e+02 6.902495575000000372e+01
3.010524902000000225e+02 6.473139190999999926e+01
2.999546814000000268e+02 6.360280990999999773e+01
2.990135803000000010e+02 6.500306702000000314e+01
2.980723571999999990e+02 6.815163422000000537e+01
2.969741516000000274e+02 6.873801421999999661e+01
2.960327454000000102e+02 6.523089600000000132e+01
2.949342651000000046e+02 5.770465088000000264e+01
2.939926146999999901e+02 5.457481003000000186e+01
2.930508727999999792e+02 4.867469024999999760e+01
2.919520264000000225e+02 4.711014174999999682e+01
2.910100403000000142e+02 4.696783829000000310e+01
2.900679625999999871e+02 4.604243850999999665e+01
2.889687500000000000e+02 4.273924255000000016e+01
2.880264586999999779e+02 4.064099121000000281e+01
2.869270020000000159e+02 3.975319671999999827e+01
2.859844970999999987e+02 4.172570800999999818e+01
2.850418700999999828e+02 4.868371201000000070e+01
2.839420471000000248e+02 5.602972411999999736e+01
2.829992371000000162e+02 6.804183960000000297e+01
2.820563048999999864e+02 7.337213135000000364e+01
2.809561156999999980e+02 8.097718811000000017e+01
2.800129699999999957e+02 8.323395537999999760e+01
2.790697632000000112e+02 8.239134215999999356e+01
2.779692077999999924e+02 7.679598235999999645e+01
2.770257568000000106e+02 7.121669769000000372e+01
2.759249573000000169e+02 7.122131348000000628e+01
2.749813232000000198e+02 7.451947783999999331e+01
2.740375670999999898e+02 7.764014434999999992e+01
2.729364319000000023e+02 7.953514862000000107e+01
2.719924927000000139e+02 7.806752013999999917e+01
2.710484619000000066e+02 7.459242249000000413e+01
2.699469604000000231e+02 6.755143737999999587e+01
2.690027160999999865e+02 6.117908858999999921e+01
2.680583801000000221e+02 6.013364029000000244e+01
2.669565430000000106e+02 6.272289276000000058e+01
2.660119933999999944e+02 6.666664124000000413e+01
2.650673828000000185e+02 6.717208098999999777e+01
2.639651794000000109e+02 6.638619995000000529e+01
2.630203551999999831e+02 6.218929290999999893e+01
2.620754395000000159e+02 5.652358627000000268e+01
2.609729308999999944e+02 4.963740539999999868e+01
2.600278015000000096e+02 4.743973540999999727e+01
2.589250488000000132e+02 4.167673110999999864e+01
2.579797667999999931e+02 3.413604735999999917e+01
2.570343627999999967e+02 2.777272796999999827e+01
2.559312744000000066e+02 2.058068847999999917e+01
2.549856872999999950e+02 2.078311156999999909e+01
2.540400084999999990e+02 2.482833862000000025e+01
2.529365996999999879e+02 3.286995316000000145e+01
2.519907378999999992e+02 3.811925887999999674e+01
2.510447844999999916e+02 4.061498642000000103e+01
2.499414063000000112e+02 3.922134399000000116e+01
2.490009003000000121e+02 3.222424316000000033e+01
2.480603179999999952e+02 2.338594437000000070e+01
2.469628601000000003e+02 1.608925437999999986e+01
2.460220794999999896e+02 1.255194378000000022e+01
2.449244079999999997e+02 1.224065112999999982e+01
2.439834595000000093e+02 1.319377612999999982e+01
2.430424194000000000e+02 1.241017437000000001e+01
2.419444274999999891e+02 1.103272246999999950e+01
2.410032042999999931e+02 9.690995215999999246e+00
2.400619049000000018e+02 8.441461563000000723e+00
2.389636230000000126e+02 4.562337874999999876e+00
2.380221405000000061e+02 2.565106152999999889e+00
2.369236297999999863e+02 1.221247911000000075e+00
2.359819794000000002e+02 1.188646435999999973e+00
2.350402373999999952e+02 1.226606011000000107e+00
2.339414367999999911e+02 8.157109618000000228e-01
2.329995270000000005e+02 -1.408053338999999959e-01
2.320575255999999911e+02 2.902166843000000274e-01
2.309584351000000026e+02 4.835126995999999844e-01
2.300162659000000076e+02 1.625324786000000021e-01
2.290740203999999949e+02 -6.075763143999999942e-03
2.279746245999999985e+02 2.389897779000000125e-02
2.270322113000000002e+02 6.042616441999999755e-02
2.259326323999999886e+02 2.483594604000000095e-02
2.249900360000000035e+02 -1.111386567000000047e-01
2.240473785000000078e+02 0.000000000000000000e+00
2.229475098000000060e+02 8.066134155000000139e-02
2.220046844000000021e+02 3.322740272000000022e-02
2.210617675999999960e+02 -1.452159434999999998e-01
2.199616240999999945e+02 2.223486452999999877e-02
2.190185547000000099e+02 1.068409755999999988e-01
2.180753937000000064e+02 5.372286960000000056e-02
2.169749755999999934e+02 -1.878425925999999968e-01
2.160316620000000114e+02 4.815339111000000068e-03
2.149310455000000104e+02 1.380036025999999971e-01
2.139875792999999931e+02 4.451339319000000017e-02
2.130440369000000089e+02 -1.865324973999999969e-01
2.119431304999999952e+02 -2.563296816999999835e-03
2.109994354000000101e+02 1.549006401999999949e-01
2.100556641000000013e+02 4.889490082999999737e-02
2.089544983000000116e+02 -2.401569336999999915e-01
2.080105743000000018e+02 2.662740275000000101e-02
2.070665740999999969e+02 1.204850747999999944e-01
2.059651489000000026e+02 4.383762925999999671e-02
2.050209960999999907e+02 -1.804899275000000081e-01
2.040767669999999896e+02 4.782634786999999908e-03
2.029750823999999909e+02 1.442391127000000051e-01
2.020307007000000112e+02 5.492437631000000181e-02
2.009288482999999985e+02 -3.770517707000000107e-01
1.999841308999999967e+02 1.955064386000000126e-02
1.990281219000000021e+02 1.230826153999999978e-01
1.980720672999999863e+02 4.231963678999999673e-02
1.969565581999999893e+02 -2.475279421000000091e-01
1.960003356999999937e+02 7.969960570000000216e-03
1.950440520999999876e+02 1.988561600000000040e-01
1.939282990000000098e+02 6.350822746999999768e-02
1.929718780999999979e+02 -3.078371286000000095e-01
1.920153808999999967e+02 0.000000000000000000e+00
1.910588074000000063e+02 2.801105380000000200e-01
1.899427338000000134e+02 8.968871831999999933e-02
